$ANSIBLE_VAULT;1.1;AES256
30386438323130623433356662386338396562326362353930633238633461376331623634643030
6265666562376164326236303833663535323861376631650a656336313032343133633038316362
34373166333163396331333337663932376536633864656635633933346466346631323839343565
3735636163346330640a613963363865616366366161623261373064303535633831643433643532
34383564353765636434366634363730633661333661363965383666323735333635303331333231
65643834653130623834613831643064396531343264663565333463373139346438356165393839
38303632636166663938363536343033653639356139323033636266643362623739343437383136
30376432333761613335373837653562333564343465613838333534653033616437333666383934
64323866616363663639376433613738316163663632653038646432623533393432396238653566
31353836656330303366393262393263633437343766666231353861633333393638323766323937
38636637636262663531313033363532336433373237366239336238376564656337396465313637
39336465393735343139383034316430326130363332323539626335633661326366613934346539
39396531633230366239666532393966653930663038336466383033323639366132343733653436
35343239323236643635393532656437656265653938346665393165363432633334653565636565
31646233363439353333636431313637353565653930623935646564346565623334663163366231
34323464343933663865326130383431373264363964633764373230366537356330383230663734
65356166376563343339616232663539633666613639343532633466393130363135643264306564
31623839633838646436663261643136316136346637373036353266643261353666643132663865
33396338313765613834613933663831313533343333633662386665633332386232323031643435
30363335653464383335613932663737616430613837363337386266643832346464313238373261
37626638363466363936656339393630363161383232636535366465613832653764363730656639
39656531336665353635623964653637313361376564653032393965353233373136616434393564
39313538616337346130303565326636393764303033343337623438613036643930633030663234
35326163343232393333613064643735393738326333636431663733643166356430656163653233
31633662353937343334356662346131636132323934386434376237633661633035363461313630
6164636265643638393437626336373662313066313936326136
